%YAML:1.0
---
camera_matrix: !!opencv-matrix
   rows: 3
   cols: 3
   dt: d
   data: [ 2.2725977156417284e+03, 0., 1.1322646211226297e+03, 0.,
       2.2819803106970726e+03, 8.1641317321262159e+02, 0., 0., 1. ]
dist_coeff: !!opencv-matrix
   rows: 1
   cols: 5
   dt: d
   data: [ -1.0241103102998887e-01, -3.4855528798992111e-03,
       1.7166989528665582e-05, 9.9418316647474766e-04,
       2.7688832418485904e-03 ]
